
     0.015482     0  1  1  1  1  0
      0.146175     0  1  0        
!     0.000120     0  1  1  1  1  1  1  0  1  1  0  1  1
"     0.000900     1  0  0  1  0  1  1  0  0  1
,     0.010501     0  0  1  0  0  1  0
-     0.010021     0  0  1  1  0  0  0
.     0.014221     1  0  0  1  0  0
:     0.000300     0  1  1  0  1  1  0  0  1  0  0  1
?     0.001440     0  0  1  0  0  1  1  0  0  0
A     0.003540     0  1  1  1  1  1  1  1
B     0.000720     0  0  1  0  0  1  1  0  0  1  0
C     0.001500     1  1  0  1  1  0  0  0  1
D     0.001500     1  1  0  1  1  0  0  0  0
E     0.002880     1  1  0  1  1  0  1  0
F     0.000540     0  1  1  0  1  1  1  0  0  1  0
G     0.000480     0  1  1  0  1  1  1  0  0  1  1
H     0.000420     1  0  0  1  0  1  1  0  1  1  0
I     0.001260     0  1  1  0  1  1  0  0  0  0
J     0.000540     0  1  1  0  1  1  0  0  1  0  1
L     0.002820     1  1  0  1  1  0  1  1
M     0.001320     0  0  1  0  0  1  1  0  1  1
N     0.001200     0  1  1  0  1  1  0  0  0  1
O     0.003180     1  1  0  1  0  0  1  0
P     0.001920     0  1  1  0  1  1  1  0  1
Q     0.000660     0  0  1  0  0  1  1  1  0  0  1
R     0.001500     1  1  0  1  1  0  0  1  1
S     0.003300     1  0  0  1  0  1  1  1
T     0.001020     0  1  1  0  1  1  1  0  0  0
U     0.000960     0  1  1  1  1  1  1  0  1  0
V     0.000660     0  0  1  0  0  1  1  1  0  0  0
X     0.000060     0  1  1  0  1  1  0  0  1  0  0  0  1  0  1
Z     0.000180     0  1  1  0  1  1  0  0  1  0  0  0  0
a     0.099730     1  0  1        
b     0.007261     0  1  1  1  1  1  0
c     0.025083     1  0  0  1  1  
d     0.040204     0  0  1  0  1  
e     0.086409     0  0  0  0     
f     0.006721     1  1  0  1  0  0  0
g     0.012121     1  1  0  1  0  1
h     0.009961     0  0  1  1  0  0  1
i     0.044344     1  1  1  1     
j     0.001260     0  0  1  0  0  1  1  1  0  1
l     0.021062     0  0  1  0  0  0
m     0.031683     0  1  1  1  0  
n     0.045365     1  1  1  0     
o     0.084128     0  0  0  1     
p     0.017342     0  1  1  0  1  0
q     0.006961     1  0  0  1  0  1  0
r     0.053225     1  0  0  0     
s     0.051905     1  1  0  0     
t     0.035404     0  1  1  0  0  
u     0.036304     0  0  1  1  1  
v     0.010681     1  1  0  1  1  1
w     0.000120     0  1  1  1  1  1  1  0  1  1  0  1  0
x     0.002100     0  1  1  0  1  1  0  1  1
y     0.000120     1  0  0  1  0  1  1  0  1  1  1  0  1
z     0.002460     0  0  1  0  0  1  1  1  1
      0.000660     0  0  1  0  0  1  1  0  0  1  1
¡     0.002100     0  1  1  0  1  1  0  1  0
¢     0.000120     1  0  0  1  0  1  1  0  1  1  1  0  0
£     0.003840     0  1  1  0  1  1  1  1
§     0.003060     1  1  0  1  0  0  1  1
¨     0.001140     0  1  1  0  1  1  0  0  1  1
©     0.001860     0  1  1  1  1  1  1  0  0
ª     0.001320     0  0  1  0  0  1  1  0  1  0
­     0.001500     1  1  0  1  1  0  0  1  0
³     0.000900     1  0  0  1  0  1  1  0  0  0
´     0.000420     0  1  1  1  1  1  1  0  1  1  1
µ     0.000240     0  1  1  1  1  1  1  0  1  1  0  0
º     0.000840     1  0  0  1  0  1  1  0  1  0
Ã     0.018422     0  0  1  1  0  1
ƒ     0.000060     0  1  1  0  1  1  0  0  1  0  0  0  1  0  0
‰     0.000180     1  0  0  1  0  1  1  0  1  1  1  1
€     0.000060     0  1  1  0  1  1  0  0  1  0  0  0  1  1



Average length(bits):  4.599100e+00
Tamanho do ficheiro antes da compressão(bits):  233310
Tamanho do ficheiro depois da compressao(bits):  76644
Compressão:  0.328507
