
     0.015482     0  2  0  1     
      0.146175     0  1           
!     0.000120     2  2  0  2  1  1  2  0
"     0.000900     2  2  2  1  1  0
,     0.010501     1  2  2  1     
-     0.010021     1  2  2  2     
.     0.014221     0  2  0  2     
:     0.000300     2  2  0  2  1  1  1
?     0.001440     1  2  0  0  1  0
A     0.003540     1  2  0  2  1  
B     0.000720     2  2  2  1  1  2
C     0.001500     1  2  0  0  0  2
D     0.001500     1  2  0  0  0  1
E     0.002880     2  2  0  2  0  
F     0.000540     0  0  0  2  2  1  2
G     0.000480     1  2  0  2  0  0  0
H     0.000420     1  2  0  2  0  0  2
I     0.001260     1  2  0  2  0  2
J     0.000540     0  0  0  2  2  1  1
L     0.002820     2  2  0  2  2  
M     0.001320     1  2  0  0  1  2
N     0.001200     1  2  0  2  2  0
O     0.003180     2  2  0  1  1  
P     0.001920     0  0  0  2  1  2
Q     0.000660     0  0  0  2  1  1  2
R     0.001500     1  2  0  0  0  0
S     0.003300     2  2  0  1  0  
T     0.001020     1  2  0  2  2  2
U     0.000960     2  2  0  2  1  0
V     0.000660     0  0  0  2  1  1  1
X     0.000060     2  2  0  2  1  1  2  1  1
Z     0.000180     0  0  0  2  2  1  0  2
a     0.099730     1  1           
b     0.007261     2  2  2  0     
c     0.025083     2  2  1        
d     0.040204     1  0  0        
e     0.086409     2  0           
f     0.006721     0  0  0  2  0  
g     0.012121     1  2  0  1     
h     0.009961     2  2  0  0     
i     0.044344     0  2  2        
j     0.001260     1  2  0  2  0  1
l     0.021062     0  0  0  0     
m     0.031683     1  2  1        
n     0.045365     0  2  1        
o     0.084128     2  1           
p     0.017342     0  2  0  0     
q     0.006961     2  2  2  2     
r     0.053225     0  0  1        
s     0.051905     0  0  2        
t     0.035404     1  0  2        
u     0.036304     1  0  1        
v     0.010681     1  2  2  0     
w     0.000120     2  2  0  2  1  1  0  2
x     0.002100     0  0  0  2  1  0
y     0.000120     2  2  0  2  1  1  0  1
z     0.002460     2  2  2  1  0  
      0.000660     0  0  0  2  1  1  0
¡     0.002100     2  2  2  1  2  
¢     0.000120     2  2  0  2  1  1  0  0
£     0.003840     1  2  0  0  2  
§     0.003060     2  2  0  1  2  
¨     0.001140     1  2  0  2  2  1
©     0.001860     0  0  0  2  2  0
ª     0.001320     1  2  0  0  1  1
­     0.001500     0  0  0  2  2  2
³     0.000900     2  2  0  2  1  2
´     0.000420     1  2  0  2  0  0  1
µ     0.000240     0  0  0  2  2  1  0  0
º     0.000840     2  2  2  1  1  1
Ã     0.018422     0  0  0  1     
ƒ     0.000060     2  2  0  2  1  1  2  1  0
‰     0.000180     0  0  0  2  2  1  0  1
€     0.000060     2  2  0  2  1  1  2  2



Average length(bits):  2.909031e+00
Tamanho do ficheiro antes da compressão(bits):  233310
Tamanho do ficheiro depois da compressao(bits):  96958
Compressão:  0.415576
